Version 0.9.7
5
 4 10 175 77 128 0 1
 5 451 436 206 81 2 2
 0 110 110 877 276 8 3
 1 119 438 206 81 140 4
 3 1007 466 203 58 159 6
 0
37
 255 5 163 124 163 124 71 124 71 124 71 189 71 189 0 3 0 1
 255 5 71 202 71 202 99 202 99 449 134 449 134 449 0 1 0 4
 65793 5 71 275 71 275 15 275 15 507 134 507 134 507 0 1 0 4
 65793 5 71 288 71 288 71 358 71 358 163 358 163 358 0 1 0 3
 65793 5 254 319 254 319 254 319 254 358 254 358 254 358 0 3 0 3
 255 5 176 124 176 124 176 124 176 176 176 176 176 176 0 3 0 3
 0 5 930 358 930 358 930 503 930 503 1018 503 1018 503 0 3 0 6
 8421631 5 175 449 175 449 168 449 168 280 176 280 176 280 0 4 0 3
 8454016 5 194 449 194 449 192 449 192 280 202 280 202 280 0 4 0 3
 4210816 5 189 280 189 280 189 270 345 270 345 280 345 280 0 3 0 3
 65408 5 215 280 215 280 215 262 358 262 358 280 358 280 0 3 0 3
 255 5 345 176 345 176 345 176 345 124 345 124 345 124 0 3 0 3
 255 5 514 176 514 176 514 176 514 124 514 124 514 124 0 3 0 3
 255 5 683 176 683 176 683 176 683 124 683 124 683 124 0 3 0 3
 65793 5 423 319 423 319 423 319 423 358 423 358 423 358 0 3 0 3
 65793 5 592 319 592 319 592 319 592 358 592 358 592 358 0 3 0 3
 65793 5 761 319 761 319 761 319 761 358 761 358 761 358 0 3 0 3
 16777088 5 397 280 391 280 391 395 213 395 213 449 213 449 0 3 0 4
 8454143 5 371 280 371 280 371 280 384 280 384 280 384 280 0 3 0 3
 12615680 5 410 280 410 280 410 257 683 257 683 280 683 280 0 3 0 3
 4210816 5 189 293 183 293 183 226 358 226 358 215 358 215 0 3 0 3
 8454016 5 202 293 209 293 209 207 371 207 371 215 371 215 0 3 0 3
 16777088 5 397 293 397 293 405 293 405 215 410 215 410 215 0 3 0 3
 8421376 5 384 215 384 215 384 215 397 215 397 215 397 215 0 3 0 3
 4227072 5 423 215 423 215 423 242 696 242 696 280 696 280 0 3 0 3
 8421631 5 176 293 176 293 176 264 514 264 514 280 514 280 0 3 0 3
 8454016 5 202 306 202 306 202 271 527 271 527 280 527 280 0 3 0 3
 4227327 5 527 215 527 215 523 215 523 280 540 280 540 280 0 3 0 3
 16777088 5 397 306 397 306 397 300 189 300 189 215 189 215 0 3 0 3
 16711680 5 202 215 202 215 202 196 540 196 540 215 540 215 0 3 0 3
 16744448 5 709 280 709 280 660 280 660 215 696 215 696 215 0 3 0 3
 12615680 5 553 215 553 215 553 206 709 206 709 215 709 215 0 3 0 3
 4227327 5 540 293 540 293 553 293 553 293 553 280 553 280 0 3 0 3
 16777088 5 397 319 397 319 397 299 566 299 566 280 566 280 0 3 0 3
 4194304 5 579 280 579 280 579 240 748 240 748 215 748 215 0 3 0 3
 12615935 5 722 215 722 215 722 215 735 215 735 215 735 215 0 3 0 3
 16777215 5 761 215 761 215 797 215 797 543 1053 543 1053 510 0 3 0 6
4
 7004 1 14 170 228 5 0 8583336 22088016 3
 7008 1 14 339 228 5 0 8583336 22088016 3
 7008 1 14 508 228 5 0 8583336 22088016 3
 7032 1 14 677 228 5 0 8583336 22088016 3
