Version 0.9.7
7
 4 10 175 77 128 0 1
 5 80 400 206 81 2 2
 0 110 110 877 276 8 3
 1 184 403 206 81 140 4
 1 411 406 206 81 178 6
 3 130 32 203 58 208 8
 3 401 25 203 58 217 9
 0
43
 0 5 71 288 71 288 93 288 93 371 163 371 163 371 0 1 0 3
 0 5 71 249 71 249 53 249 53 137 163 137 163 137 0 1 0 3
 255 5 71 189 71 189 71 122 163 122 163 124 163 124 0 1 0 3
 255 5 71 228 71 228 58 228 58 354 163 354 163 358 0 1 0 3
 255 5 189 124 189 124 189 124 189 176 189 176 189 176 0 3 0 3
 0 5 176 371 176 371 176 472 176 472 199 472 199 472 0 3 0 4
 255 5 176 358 176 358 176 414 176 414 199 414 199 414 0 3 0 4
 65535 5 202 319 202 319 202 401 240 401 240 414 240 414 0 3 0 4
 65408 5 189 319 189 319 189 385 316 385 316 414 316 414 0 3 0 4
 255 5 423 358 423 358 410 358 410 417 426 417 426 417 0 3 0 6
 0 5 423 371 423 371 423 475 423 475 426 475 426 475 0 3 0 6
 4259584 5 215 319 215 319 215 367 467 367 467 417 467 417 0 3 0 6
 4259584 5 228 319 228 319 228 381 486 381 486 417 486 417 0 3 0 6
 4259584 5 241 319 241 319 241 377 505 377 505 417 505 417 0 3 0 6
 4259584 5 254 319 254 319 254 379 524 379 524 417 524 417 0 3 0 6
 16776960 5 562 417 562 417 562 382 267 382 267 319 267 319 0 6 0 3
 12615680 5 581 417 581 417 581 382 280 382 280 319 280 319 0 6 0 3
 12615808 5 293 280 293 280 293 276 501 276 501 280 501 280 0 3 0 3
 12615808 5 306 293 306 293 306 286 488 286 488 293 488 293 0 3 0 3
 12615808 5 319 306 319 306 319 300 475 300 475 306 475 306 0 3 0 3
 12615808 5 501 228 501 228 501 228 501 267 501 267 501 267 0 3 0 3
 12615808 5 488 228 488 228 488 228 488 267 488 267 488 267 0 3 0 3
 12615808 5 475 267 475 267 475 267 475 228 475 228 475 228 0 3 0 3
 12615808 5 475 176 475 176 475 69 475 69 467 69 467 69 0 3 0 9
 12615808 5 488 176 488 176 488 69 488 69 487 69 487 69 0 3 0 9
 12615808 5 507 69 507 69 503 69 503 176 501 176 501 176 0 9 0 3
 0 5 412 62 412 62 412 137 412 137 410 137 410 137 0 9 0 3
 0 5 141 69 141 69 141 137 141 137 176 137 176 137 0 8 0 3
 4210816 5 293 215 293 215 293 206 605 206 605 215 605 215 0 3 0 3
 255 5 592 124 592 124 592 124 592 176 592 176 592 176 0 3 0 3
 65793 5 670 319 670 319 670 319 670 371 670 371 670 371 0 3 0 3
 4210816 5 618 176 618 176 618 163 527 163 527 69 527 69 0 3 0 9
 4227327 5 319 176 319 176 319 76 319 76 316 76 316 76 0 3 0 8
 65280 5 306 176 306 176 306 76 306 76 296 76 296 76 0 3 0 8
 8421376 5 280 176 280 176 280 76 280 76 276 76 276 76 0 3 0 8
 12615808 5 332 176 332 159 357 159 357 69 447 69 447 69 0 3 0 9
 0 5 332 319 332 319 332 319 332 371 332 371 332 371 0 3 0 3
 65535 5 202 215 202 215 202 394 259 394 259 414 259 414 0 3 0 4
 65535 5 228 215 228 215 228 394 278 394 278 414 278 414 0 3 0 4
 65535 5 254 215 254 215 254 392 297 392 297 414 297 414 0 3 0 4
 65408 5 335 414 335 393 235 393 235 215 215 215 215 215 0 4 0 3
 65408 5 354 414 354 395 239 395 239 215 241 215 241 215 0 4 0 3
 65408 5 373 414 373 390 249 390 249 215 267 215 267 215 0 4 0 3
2
 7181 1 24 183 228 5 0 8583336 21560016 3
 7004 1 14 586 228 5 0 8583336 21560016 3
