Version 0.9.7
5
 4 10 175 77 128 0 1
 5 80 400 206 81 2 2
 1 214 440 206 81 8 3
 3 668 465 203 58 28 5
 0 190 120 877 276 37 6
 0
14
 255 5 71 189 71 189 71 134 71 134 243 134 243 134 0 1 0 6
 255 5 71 202 71 202 150 202 150 451 229 451 229 451 0 1 0 3
 0 5 71 288 71 288 116 288 116 509 229 509 229 509 0 1 0 3
 0 5 71 275 71 275 71 384 243 384 243 381 243 381 0 1 0 6
 0 5 360 329 360 329 360 329 360 381 360 381 360 381 0 6 0 6
 255 5 282 134 282 134 282 134 282 186 282 186 282 186 0 6 0 6
 32896 5 270 451 270 451 270 329 270 329 282 329 282 329 0 3 0 6
 8421504 5 289 451 289 451 289 329 289 329 295 329 295 329 0 3 0 6
 8421440 5 308 451 308 419 242 419 242 234 295 234 295 225 0 3 0 6
 65793 5 672 381 672 381 672 502 672 502 679 502 679 502 0 6 0 5
 4194368 5 308 225 308 225 308 225 308 329 308 329 308 329 0 6 0 6
 16777088 5 321 225 321 225 321 225 321 290 321 290 321 290 0 6 0 6
 16744448 5 327 451 327 451 327 290 327 290 334 290 334 290 0 3 0 6
 8388736 5 347 290 347 290 347 425 714 425 714 509 714 509 0 6 0 5
1
 7008 1 14 276 238 5 0 8583336 22299312 6
