Version 0.9.7
5
 4 10 175 77 128 0 1
 5 80 400 206 81 2 2
 0 110 110 877 276 8 3
 1 183 419 206 81 140 4
 3 713 413 203 58 150 5
 0
25
 255 5 71 189 71 189 70 189 70 124 163 124 163 124 0 1 0 3
 255 5 71 228 71 228 98 228 98 430 198 430 198 430 0 1 0 4
 0 5 71 288 71 288 71 488 71 488 198 488 198 488 0 1 0 4
 255 5 202 124 202 124 202 124 202 176 202 176 202 176 0 3 0 3
 255 5 358 124 358 124 358 124 358 176 358 176 358 176 0 3 0 3
 16777088 5 202 280 202 280 202 430 202 430 239 430 239 430 0 3 0 4
 16744448 5 215 280 215 280 215 430 215 430 258 430 258 430 0 3 0 4
 0 5 71 275 71 275 87 275 87 358 163 358 163 358 0 1 0 3
 0 5 280 358 280 358 280 358 280 319 280 319 280 319 0 3 0 3
 0 5 436 358 436 358 436 358 436 319 436 319 436 319 0 3 0 3
 16711680 5 228 280 228 280 228 272 241 272 241 280 241 280 0 3 0 3
 8388736 5 277 430 277 430 254 430 254 430 254 280 254 280 0 4 0 3
 4259584 5 267 280 267 280 267 292 189 292 189 280 189 280 0 3 0 3
 4259584 5 189 267 189 267 189 267 189 228 189 228 189 228 0 3 0 3
 4259584 5 189 215 189 215 189 215 215 215 215 215 215 215 0 3 0 3
 33023 5 296 430 274 430 274 334 176 334 176 319 176 319 0 4 0 3
 33023 5 176 215 176 215 176 215 176 267 176 267 176 267 0 3 0 3
 33023 5 176 202 176 202 176 202 228 202 228 202 228 202 0 3 0 3
 16744448 5 241 215 241 215 241 215 254 215 254 215 254 215 0 3 0 3
 255 5 527 176 527 176 527 176 527 124 527 124 527 124 0 3 0 3
 0 5 605 358 605 358 605 358 605 319 605 319 605 319 0 3 0 3
 12615808 5 315 430 315 430 298 430 298 319 293 319 293 319 0 4 0 3
 12615808 5 293 228 293 228 293 228 293 267 293 267 293 267 0 3 0 3
 12615808 5 293 215 293 215 293 204 267 204 267 215 267 215 0 3 0 3
 8388863 5 280 215 280 215 280 206 371 206 371 215 371 215 0 3 0 3
3
 7008 1 14 196 228 5 0 0 10384 3
 7004 1 14 521 228 5 0 0 10384 3
 7008 1 14 352 228 5 0 8583336 23112464 3
