Version 0.9.7
5
 4 10 175 77 128 0 1
 5 80 400 206 81 2 2
 0 110 110 877 276 8 3
 1 138 403 206 81 140 4
 3 560 413 203 58 150 5
 0
16
 255 5 71 189 71 189 70 189 70 124 163 124 163 124 0 1 0 3
 255 5 71 228 71 228 98 228 98 414 153 414 153 414 0 1 0 4
 0 5 71 288 71 288 71 472 71 472 153 472 153 472 0 1 0 4
 255 5 202 124 202 124 202 124 202 176 202 176 202 176 0 3 0 3
 255 5 358 124 358 124 358 124 358 176 358 176 358 176 0 3 0 3
 0 5 449 280 449 280 449 280 436 280 436 280 436 280 0 3 0 3
 16711808 5 371 280 371 280 465 280 465 457 606 457 606 457 0 3 0 5
 16777088 5 202 280 202 280 202 414 202 414 194 414 194 414 0 3 0 4
 16744448 5 215 280 215 280 215 414 215 414 213 414 213 414 0 3 0 4
 0 5 71 275 71 275 87 275 87 358 163 358 163 358 0 1 0 3
 0 5 280 358 280 358 280 358 280 319 280 319 280 319 0 3 0 3
 0 5 449 358 449 358 449 426 571 426 571 450 571 450 0 3 0 5
 0 5 436 358 436 358 436 358 436 319 436 319 436 319 0 3 0 3
 16711680 5 228 280 228 280 228 280 241 280 241 280 241 280 0 3 0 3
 8388736 5 232 414 232 414 256 414 256 280 254 280 254 280 0 4 0 3
 4259584 5 267 280 267 280 267 280 358 280 358 280 358 280 0 3 0 3
2
 7008 1 14 196 228 5 0 0 10384 3
 7004 1 14 352 228 5 0 0 10384 3
