Version 0.9.7
6
 4 10 175 77 128 0 1
 5 80 400 206 81 2 2
 0 110 110 877 276 8 3
 1 219 419 206 81 140 4
 3 959 414 203 58 150 5
 1 445 417 206 81 165 6
 0
58
 255 5 71 189 71 189 70 189 70 124 163 124 163 124 0 1 0 3
 255 5 71 228 71 228 98 228 98 430 234 430 234 430 0 1 0 4
 0 5 71 288 71 288 71 488 71 488 234 488 234 488 0 1 0 4
 255 5 202 124 202 124 202 124 202 176 202 176 202 176 0 3 0 3
 255 5 358 124 358 124 358 124 358 176 358 176 358 176 0 3 0 3
 16777088 5 202 280 202 280 202 430 202 430 275 430 275 430 0 3 0 4
 16744448 5 215 280 215 280 215 430 215 430 294 430 294 430 0 3 0 4
 0 5 71 275 71 275 87 275 87 358 163 358 163 358 0 1 0 3
 0 5 280 358 280 358 280 358 280 319 280 319 280 319 0 3 0 3
 0 5 436 358 436 358 436 358 436 319 436 319 436 319 0 3 0 3
 16711680 5 228 280 228 280 228 272 241 272 241 280 241 280 0 3 0 3
 8388736 5 313 430 313 430 254 430 254 430 254 280 254 280 0 4 0 3
 4259584 5 267 280 267 280 267 292 189 292 189 280 189 280 0 3 0 3
 4259584 5 189 267 189 267 189 267 189 228 189 228 189 228 0 3 0 3
 4259584 5 189 215 189 215 189 215 215 215 215 215 215 215 0 3 0 3
 33023 5 332 430 274 430 274 334 176 334 176 319 176 319 0 4 0 3
 33023 5 176 215 176 215 176 215 176 267 176 267 176 267 0 3 0 3
 33023 5 176 202 176 202 176 202 228 202 228 202 228 202 0 3 0 3
 16744448 5 241 215 241 215 241 215 254 215 254 215 254 215 0 3 0 3
 12615808 5 351 430 351 430 298 430 298 319 293 319 293 319 0 4 0 3
 12615808 5 293 228 293 228 293 228 293 267 293 267 293 267 0 3 0 3
 12615808 5 293 215 293 215 293 204 267 204 267 215 267 215 0 3 0 3
 8388863 5 280 215 280 215 319 215 319 215 319 267 319 267 0 3 0 3
 8388863 5 319 280 319 280 319 279 358 279 358 280 358 280 0 3 0 3
 16512 5 371 280 371 347 321 347 321 401 370 401 370 430 0 3 0 4
 8421504 5 384 280 384 256 357 256 357 208 371 208 371 215 0 3 0 3
 8404992 5 397 215 397 215 397 215 410 215 410 215 410 215 0 3 0 3
 16777215 5 408 430 408 379 324 379 324 233 423 233 423 215 0 4 0 3
 8421376 5 389 430 389 430 308 430 308 238 384 238 384 215 0 4 0 3
 8454143 5 436 215 436 215 436 252 397 252 397 280 397 280 0 3 0 3
 0 5 71 262 45 262 45 562 460 562 460 486 460 486 0 1 0 6
 255 5 71 215 71 215 71 407 460 407 460 428 460 428 0 1 0 6
 4227327 5 501 428 501 392 389 392 389 280 410 280 410 280 0 6 0 3
 255 5 488 176 488 176 488 176 488 124 488 124 488 124 0 3 0 3
 0 5 566 358 566 358 566 358 566 319 566 319 566 319 0 3 0 3
 12615808 5 423 280 423 280 423 270 488 270 488 280 488 280 0 3 0 3
 16711680 5 501 280 501 260 428 260 428 381 520 381 520 428 0 3 0 6
 16776960 5 514 293 514 293 514 293 475 293 475 293 475 293 0 3 0 3
 16776960 5 475 280 475 280 475 280 475 228 475 228 475 228 0 3 0 3
 16776960 5 475 215 475 215 475 215 501 215 501 215 501 215 0 3 0 3
 8404992 5 539 428 539 428 464 428 464 293 462 293 462 293 0 6 0 3
 8404992 5 462 280 462 280 462 280 462 202 462 202 462 202 0 3 0 3
 8404992 5 475 202 475 202 514 202 514 202 514 215 514 215 0 3 0 3
 32896 5 527 215 527 215 527 215 540 215 540 215 540 215 0 3 0 3
 12615808 5 579 280 579 280 579 280 579 215 579 215 579 215 0 3 0 3
 12615808 5 579 202 579 202 579 202 553 202 553 202 553 202 0 3 0 3
 12615808 5 558 428 558 400 582 400 582 306 579 306 579 306 0 6 0 3
 33023 5 566 215 566 215 566 215 527 215 527 280 527 280 0 3 0 3
 4194432 5 540 280 540 280 540 409 577 409 577 428 577 428 0 3 0 6
 4210688 5 553 280 553 280 553 272 618 272 618 280 618 280 0 3 0 3
 0 5 696 319 696 319 696 319 696 358 696 358 696 358 0 3 0 3
 0 5 839 319 839 319 839 319 839 358 839 358 839 358 0 3 0 3
 16776960 5 644 280 644 280 644 280 761 280 761 280 761 280 0 3 0 3
 4227327 5 774 280 774 280 774 408 815 408 815 458 1005 458 0 3 0 5
 255 5 618 176 618 176 618 176 618 124 618 124 618 124 0 3 0 3
 0 5 930 358 930 358 885 358 885 451 970 451 970 451 0 3 0 5
 16744448 5 631 280 631 280 605 280 605 428 596 428 596 428 0 3 0 6
 255 5 761 176 761 176 761 176 761 124 761 124 761 124 0 3 0 3
5
 7008 1 14 196 228 5 0 0 10384 3
 7004 1 14 755 228 5 0 0 10384 3
 7008 1 14 352 228 5 0 8583336 23112464 3
 7008 1 14 482 228 5 0 8583336 22785264 3
 7008 1 14 612 228 5 0 8583336 22785264 3
