Version 0.9.7
5
 4 10 175 77 128 0 1
 5 80 400 206 81 2 2
 0 149 113 877 276 8 3
 1 137 426 206 81 140 4
 3 468 420 203 58 150 5
 0
15
 255 5 71 189 71 189 71 133 202 133 202 127 202 127 0 1 0 3
 255 5 71 228 71 228 71 231 132 231 132 437 152 437 0 1 0 4
 0 5 71 288 71 315 40 315 40 495 152 495 152 495 0 1 0 4
 255 5 215 127 215 127 215 127 215 179 215 179 215 179 0 3 0 3
 255 5 384 127 384 127 384 127 384 179 384 179 384 179 0 3 0 3
 0 5 293 374 293 374 293 374 293 322 293 322 293 322 0 3 0 3
 8454143 5 215 283 215 283 215 437 215 437 212 437 212 437 0 3 0 4
 0 5 202 374 202 374 202 362 71 362 71 275 71 275 0 3 0 1
 8421631 5 228 283 174 283 174 405 193 405 193 437 193 437 0 3 0 4
 0 5 462 322 462 322 462 322 462 374 462 374 462 374 0 3 0 3
 0 5 475 374 475 374 479 374 479 374 479 457 479 457 0 3 0 5
 32896 5 397 283 397 283 397 464 397 464 514 464 514 464 0 3 0 5
 32896 5 241 283 241 283 241 283 254 283 254 283 254 283 0 3 0 3
 4227200 5 231 437 231 437 235 437 235 283 267 283 267 283 0 4 0 3
 16777215 5 280 283 280 283 280 283 384 283 384 283 384 283 0 3 0 3
2
 7032 1 14 209 231 5 0 0 10384 3
 7004 1 14 378 231 5 0 0 11268 3
