Version 0.9.7
5
 4 10 175 77 128 0 1
 5 80 400 206 81 2 2
 0 110 110 877 276 8 3
 1 162 431 206 81 140 4
 3 466 452 203 58 150 5
 0
9
 255 5 71 189 71 189 71 131 163 131 163 137 163 137 0 1 0 3
 255 5 71 202 71 202 98 202 98 442 177 442 177 442 0 1 0 4
 0 5 71 288 71 288 71 500 71 500 177 500 177 500 0 1 0 4
 0 5 71 249 71 249 71 293 35 293 35 358 163 358 0 1 0 3
 0 5 306 319 306 319 306 319 306 358 306 358 306 358 0 3 0 3
 255 5 228 137 228 137 228 137 228 176 228 176 228 176 0 3 0 3
 0 5 462 358 462 358 462 489 462 489 477 489 477 489 0 3 0 5
 8421631 5 218 442 218 442 218 280 218 280 228 280 228 280 0 4 0 3
 8421631 5 241 280 241 280 241 410 512 410 512 496 512 496 0 3 0 5
1
 7004 1 14 222 228 5 0 8583336 22559872 3
