Version 0.9.7
5
 4 10 175 77 128 0 1
 5 80 400 206 81 2 2
 0 149 113 877 276 8 3
 1 137 426 206 81 140 4
 3 487 413 203 58 150 5
 0
10
 255 5 71 189 71 189 71 133 202 133 202 127 202 127 0 1 0 3
 255 5 71 228 71 228 71 231 132 231 132 437 152 437 0 1 0 4
 0 5 71 288 71 288 71 495 71 495 152 495 152 495 0 1 0 4
 255 5 215 127 215 127 215 127 215 179 215 179 215 179 0 3 0 3
 8388672 5 241 283 259 283 259 346 380 346 380 457 533 457 0 3 0 5
 65793 5 71 275 71 275 104 275 104 374 202 374 202 374 0 1 0 3
 65793 5 293 322 293 322 293 322 293 374 293 374 293 374 0 3 0 3
 65793 5 319 374 319 374 498 374 498 374 498 450 498 450 0 3 0 5
 16744448 5 215 283 215 283 175 283 175 437 193 437 193 437 0 3 0 4
 12615935 5 228 283 228 283 207 283 207 437 212 437 212 437 0 3 0 4
1
 7032 1 14 209 231 5 0 0 10384 3
