Version 0.9.7
5
 4 10 175 77 128 0 1
 5 80 400 206 81 2 2
 0 123 106 877 276 8 3
 1 116 423 206 81 140 4
 3 606 424 203 58 150 6
 0
20
 255 5 71 228 71 228 97 228 97 434 131 434 131 434 0 1 0 4
 0 5 71 288 71 288 74 288 74 492 131 492 131 492 0 1 0 4
 255 5 71 189 71 189 71 145 176 145 176 133 176 133 0 1 0 3
 255 5 202 133 202 133 202 133 202 172 202 172 202 172 0 3 0 3
 255 5 371 133 371 133 371 133 371 172 371 172 371 172 0 3 0 3
 255 5 527 133 527 133 527 133 527 172 527 172 527 172 0 3 0 3
 12615935 5 215 276 215 276 215 295 371 295 371 276 371 276 0 3 0 3
 16711935 5 228 289 228 289 384 289 384 289 384 276 384 276 0 3 0 3
 65280 5 241 276 241 276 241 307 410 307 410 276 410 276 0 3 0 3
 8388736 5 423 276 423 276 423 315 423 315 202 315 202 315 0 3 0 3
 32896 5 202 276 202 276 185 276 185 434 172 434 172 434 0 3 0 4
 16384 5 228 276 228 276 228 325 210 325 210 434 191 434 0 3 0 4
 65793 5 71 249 71 249 122 249 122 354 176 354 176 354 0 1 0 3
 65793 5 280 315 280 315 280 315 280 354 280 354 280 354 0 3 0 3
 65793 5 449 315 449 315 449 315 449 354 449 354 449 354 0 3 0 3
 65793 5 605 315 605 315 605 315 605 354 605 354 605 354 0 3 0 3
 16744448 5 553 276 553 276 553 299 652 299 652 468 652 468 0 3 0 6
 0 5 618 354 618 354 618 461 618 461 617 461 617 461 0 3 0 6
 16711680 5 436 276 436 276 436 289 540 289 540 276 540 276 0 3 0 3
 8404992 5 397 276 397 276 397 276 527 276 527 276 527 276 0 3 0 3
3
 7004 1 14 196 224 5 0 0 11268 3
 7008 1 14 365 224 5 0 0 11268 3
 7032 1 14 521 224 5 0 0 11268 3
